V 54
K 1
D 0 -5842000 4572000 2286000
Y 1
U 4191000 2286000 254000 0 2 3 REFDES=IC?
U 4191000 2032000 254000 0 2 3 DEVICE=ICE5LP2K-SG48ITR
U 4191000 1778000 254000 0 2 0 PKG_TYPE=QFN50P700X700X100-49N-D
U 4191000 1524000 254000 0 2 0 Description=FPGA iCE40 Ultra Family 2048 Cells 40nm Technology 1.2V 48-Pin T/R
U 4191000 1270000 254000 0 2 0 Datasheet Link=http://www.latticesemi.com/~/media/LatticeSemi/Documents/DataSheets/iCE/iCE40UltraFamilyDataSheet.pdf
U 4191000 1016000 254000 0 2 0 Height=1
U 4191000 762000 254000 0 2 0 Manufacturer_Name=Lattice Semiconductor
U 4191000 508000 254000 0 2 0 Manufacturer_Part_Number=ICE5LP2K-SG48ITR
U 4191000 254000 254000 0 2 0 Mouser Part Number=842-ICE5LP2K-SG48ITR
U 4191000 0 254000 0 2 0 Mouser Price/Stock=https://www.mouser.co.uk/ProductDetail/Lattice/ICE5LP2K-SG48ITR?qs=ZwKJWZfDtNgAWzMHJRGDug%3D%3D
U 4191000 -254000 254000 0 2 0 Arrow Part Number=ICE5LP2K-SG48ITR
U 4191000 -508000 254000 0 2 0 Arrow Price/Stock=https://www.arrow.com/en/products/ice5lp2k-sg48itr/lattice-semiconductor
U 0 0 254000 0 1 0 FORWARD_PCB=1
l 5 508000 1778000 4064000 1778000 4064000 -5334000 508000 -5334000 508000 1778000
|GRPHSTL -1 -1 -1 1
P 1 0 0 508000 0 0 2 0
L 584200 0 228600 0 2 0 1 0 VCCIO_2
A 355600 50800 203200 0 9 3 #=1
A 0 0 9 0 3 0 PINTYPE=BI
P 2 0 -254000 508000 -254000 0 2 0
L 584200 -254000 228600 0 2 0 1 0 IOB_6A
A 355600 -203200 203200 0 9 3 #=2
A 0 0 9 0 3 0 PINTYPE=BI
P 3 0 -508000 508000 -508000 0 2 0
L 584200 -508000 228600 0 2 0 1 0 IOB_9B
A 355600 -457200 203200 0 9 3 #=3
A 0 0 9 0 3 0 PINTYPE=BI
P 4 0 -762000 508000 -762000 0 2 0
L 584200 -762000 228600 0 2 0 1 0 IOB_8A
A 355600 -711200 203200 0 9 3 #=4
A 0 0 9 0 3 0 PINTYPE=BI
P 5 0 -1016000 508000 -1016000 0 2 0
L 584200 -1016000 228600 0 2 0 1 0 VCC_1
A 355600 -965200 203200 0 9 3 #=5
A 0 0 9 0 3 0 PINTYPE=BI
P 6 0 -1270000 508000 -1270000 0 2 0
L 584200 -1270000 228600 0 2 0 1 0 IOB_13B
A 355600 -1219200 203200 0 9 3 #=6
A 0 0 9 0 3 0 PINTYPE=BI
P 7 0 -1524000 508000 -1524000 0 2 0
L 584200 -1524000 228600 0 2 0 1 0 CDONE
A 355600 -1473200 203200 0 9 3 #=7
A 0 0 9 0 3 0 PINTYPE=BI
P 8 0 -1778000 508000 -1778000 0 2 0
L 584200 -1778000 228600 0 2 0 1 0 CRESET_B
A 355600 -1727200 203200 0 9 3 #=8
A 0 0 9 0 3 0 PINTYPE=BI
P 9 0 -2032000 508000 -2032000 0 2 0
L 584200 -2032000 228600 0 2 0 1 0 IOB_16A
A 355600 -1981200 203200 0 9 3 #=9
A 0 0 9 0 3 0 PINTYPE=BI
P 10 0 -2286000 508000 -2286000 0 2 0
L 584200 -2286000 228600 0 2 0 1 0 IOB_18A
A 355600 -2235200 203200 0 9 3 #=10
A 0 0 9 0 3 0 PINTYPE=BI
P 11 0 -2540000 508000 -2540000 0 2 0
L 584200 -2540000 228600 0 2 0 1 0 IOB_20A
A 355600 -2489200 203200 0 9 3 #=11
A 0 0 9 0 3 0 PINTYPE=BI
P 12 0 -2794000 508000 -2794000 0 2 0
L 584200 -2794000 228600 0 2 0 1 0 IOB_22A
A 355600 -2743200 203200 0 9 3 #=12
A 0 0 9 0 3 0 PINTYPE=BI
P 13 762000 -5842000 762000 -5334000 0 1 0
L 762000 -5257800 228600 1 2 0 1 0 IOB_24A
A 711200 -5486400 203200 1 9 3 #=13
A 0 0 9 0 3 0 PINTYPE=BI
P 14 1016000 -5842000 1016000 -5334000 0 1 0
L 1016000 -5257800 228600 1 2 0 1 0 IOB_32A_SPI_SO
A 965200 -5486400 203200 1 9 3 #=14
A 0 0 9 0 3 0 PINTYPE=BI
P 15 1270000 -5842000 1270000 -5334000 0 1 0
L 1270000 -5257800 228600 1 2 0 1 0 IOB_34A_SPI_SCK
A 1219200 -5486400 203200 1 9 3 #=15
A 0 0 9 0 3 0 PINTYPE=BI
P 16 1524000 -5842000 1524000 -5334000 0 1 0
L 1524000 -5257800 228600 1 2 0 1 0 IOB_35B_SPI_SS
A 1473200 -5486400 203200 1 9 3 #=16
A 0 0 9 0 3 0 PINTYPE=BI
P 17 1778000 -5842000 1778000 -5334000 0 1 0
L 1778000 -5257800 228600 1 2 0 1 0 IOB_33B_SPI_SI
A 1727200 -5486400 203200 1 9 3 #=17
A 0 0 9 0 3 0 PINTYPE=BI
P 18 2032000 -5842000 2032000 -5334000 0 1 0
L 2032000 -5257800 228600 1 2 0 1 0 IOB_31B
A 1981200 -5486400 203200 1 9 3 #=18
A 0 0 9 0 3 0 PINTYPE=BI
P 19 2286000 -5842000 2286000 -5334000 0 1 0
L 2286000 -5257800 228600 1 2 0 1 0 IOB_29B
A 2235200 -5486400 203200 1 9 3 #=19
A 0 0 9 0 3 0 PINTYPE=BI
P 20 2540000 -5842000 2540000 -5334000 0 1 0
L 2540000 -5257800 228600 1 2 0 1 0 IOB_25B_G3
A 2489200 -5486400 203200 1 9 3 #=20
A 0 0 9 0 3 0 PINTYPE=BI
P 21 2794000 -5842000 2794000 -5334000 0 1 0
L 2794000 -5257800 228600 1 2 0 1 0 IOB_23B
A 2743200 -5486400 203200 1 9 3 #=21
A 0 0 9 0 3 0 PINTYPE=BI
P 22 3048000 -5842000 3048000 -5334000 0 1 0
L 3048000 -5257800 228600 1 2 0 1 0 SPI_VCCIO1
A 2997200 -5486400 203200 1 9 3 #=22
A 0 0 9 0 3 0 PINTYPE=BI
P 23 3302000 -5842000 3302000 -5334000 0 1 0
L 3302000 -5257800 228600 1 2 0 1 0 IOT_37A
A 3251200 -5486400 203200 1 9 3 #=23
A 0 0 9 0 3 0 PINTYPE=BI
P 24 3556000 -5842000 3556000 -5334000 0 1 0
L 3556000 -5257800 228600 1 2 0 1 0 VPP_2V5
A 3505200 -5486400 203200 1 9 3 #=24
A 0 0 9 0 3 0 PINTYPE=BI
P 25 4572000 0 4064000 0 0 3 0
L 3987800 0 228600 0 8 0 1 0 IOT_48B
A 4216400 50800 203200 0 3 3 #=36
A 0 0 9 0 3 0 PINTYPE=BI
P 26 4572000 -254000 4064000 -254000 0 3 0
L 3987800 -254000 228600 0 8 0 1 0 IOT_46B_G0
A 4216400 -203200 203200 0 3 3 #=35
A 0 0 9 0 3 0 PINTYPE=BI
P 27 4572000 -508000 4064000 -508000 0 3 0
L 3987800 -508000 228600 0 8 0 1 0 IOT_44B
A 4216400 -457200 203200 0 3 3 #=34
A 0 0 9 0 3 0 PINTYPE=BI
P 28 4572000 -762000 4064000 -762000 0 3 0
L 3987800 -762000 228600 0 8 0 1 0 VCCIO_0
A 4216400 -711200 203200 0 3 3 #=33
A 0 0 9 0 3 0 PINTYPE=BI
P 29 4572000 -1016000 4064000 -1016000 0 3 0
L 3987800 -1016000 228600 0 8 0 1 0 IOT_43A
A 4216400 -965200 203200 0 3 3 #=32
A 0 0 9 0 3 0 PINTYPE=BI
P 30 4572000 -1270000 4064000 -1270000 0 3 0
L 3987800 -1270000 228600 0 8 0 1 0 IOT_42B
A 4216400 -1219200 203200 0 3 3 #=31
A 0 0 9 0 3 0 PINTYPE=BI
P 31 4572000 -1524000 4064000 -1524000 0 3 0
L 3987800 -1524000 228600 0 8 0 1 0 VCC_2
A 4216400 -1473200 203200 0 3 3 #=30
A 0 0 9 0 3 0 PINTYPE=BI
P 32 4572000 -1778000 4064000 -1778000 0 3 0
L 3987800 -1778000 228600 0 8 0 1 0 VCCPLL
A 4216400 -1727200 203200 0 3 3 #=29
A 0 0 9 0 3 0 PINTYPE=BI
P 33 4572000 -2032000 4064000 -2032000 0 3 0
L 3987800 -2032000 228600 0 8 0 1 0 IOT_41A
A 4216400 -1981200 203200 0 3 3 #=28
A 0 0 9 0 3 0 PINTYPE=BI
P 34 4572000 -2286000 4064000 -2286000 0 3 0
L 3987800 -2286000 228600 0 8 0 1 0 IOT_38B
A 4216400 -2235200 203200 0 3 3 #=27
A 0 0 9 0 3 0 PINTYPE=BI
P 35 4572000 -2540000 4064000 -2540000 0 3 0
L 3987800 -2540000 228600 0 8 0 1 0 IOT_39A
A 4216400 -2489200 203200 0 3 3 #=26
A 0 0 9 0 3 0 PINTYPE=BI
P 36 4572000 -2794000 4064000 -2794000 0 3 0
L 3987800 -2794000 228600 0 8 0 1 0 IOT_36B
A 4216400 -2743200 203200 0 3 3 #=25
A 0 0 9 0 3 0 PINTYPE=BI
P 37 762000 2286000 762000 1778000 0 0 0
L 762000 1701800 228600 1 8 0 1 0 GND
A 711200 1930400 203200 1 3 3 #=49
A 0 0 9 0 3 0 PINTYPE=BI
P 38 1016000 2286000 1016000 1778000 0 0 0
L 1016000 1701800 228600 1 8 0 1 0 IOB_4A
A 965200 1930400 203200 1 3 3 #=48
A 0 0 9 0 3 0 PINTYPE=BI
P 39 1270000 2286000 1270000 1778000 0 0 0
L 1270000 1701800 228600 1 8 0 1 0 IOB_2A
A 1219200 1930400 203200 1 3 3 #=47
A 0 0 9 0 3 0 PINTYPE=BI
P 40 1524000 2286000 1524000 1778000 0 0 0
L 1524000 1701800 228600 1 8 0 1 0 IOB_0A
A 1473200 1930400 203200 1 3 3 #=46
A 0 0 9 0 3 0 PINTYPE=BI
P 41 1778000 2286000 1778000 1778000 0 0 0
L 1778000 1701800 228600 1 8 0 1 0 IOB_5B
A 1727200 1930400 203200 1 3 3 #=45
A 0 0 9 0 3 0 PINTYPE=BI
P 42 2032000 2286000 2032000 1778000 0 0 0
L 2032000 1701800 228600 1 8 0 1 0 IOB_3B_G6
A 1981200 1930400 203200 1 3 3 #=44
A 0 0 9 0 3 0 PINTYPE=BI
P 43 2286000 2286000 2286000 1778000 0 0 0
L 2286000 1701800 228600 1 8 0 1 0 IOT_49A
A 2235200 1930400 203200 1 3 3 #=43
A 0 0 9 0 3 0 PINTYPE=BI
P 44 2540000 2286000 2540000 1778000 0 0 0
L 2540000 1701800 228600 1 8 0 1 0 IOT_51A
A 2489200 1930400 203200 1 3 3 #=42
A 0 0 9 0 3 0 PINTYPE=BI
P 45 2794000 2286000 2794000 1778000 0 0 0
L 2794000 1701800 228600 1 8 0 1 0 RGB0
A 2743200 1930400 203200 1 3 3 #=41
A 0 0 9 0 3 0 PINTYPE=BI
P 46 3048000 2286000 3048000 1778000 0 0 0
L 3048000 1701800 228600 1 8 0 1 0 RGB1
A 2997200 1930400 203200 1 3 3 #=40
A 0 0 9 0 3 0 PINTYPE=BI
P 47 3302000 2286000 3302000 1778000 0 0 0
L 3302000 1701800 228600 1 8 0 1 0 RGB2
A 3251200 1930400 203200 1 3 3 #=39
A 0 0 9 0 3 0 PINTYPE=BI
P 48 3556000 2286000 3556000 1778000 0 0 0
L 3556000 1701800 228600 1 8 0 1 0 IOT_50B
A 3505200 1930400 203200 1 3 3 #=38
A 0 0 9 0 3 0 PINTYPE=BI
P 49 3810000 2286000 3810000 1778000 0 0 0
L 3810000 1701800 228600 1 8 0 1 0 IOT_45A_G1
A 3759200 1930400 203200 1 3 3 #=37
A 0 0 9 0 3 0 PINTYPE=BI
E
